0.5892018
0.5959836
0.622608
0.42902645
0.50984836
0.46020085
0.6187268
0.6374371
0.69729537
0.57674086
0.5927954
0.5914501
0.6517824
0.8368445
0.6558167
0.55630255
0.6627084
0.5647131
0.5597924
0.5777445
0.5612323
0.4902202
0.70222783
0.7607129
0.87517
1.099741
1.1537592
1.3973184
1.1401925
0.84568834
0.6042119
0.6519925
0.5380341
0.5746034
0.448949
0.46364117
0.41341475
0.559891
0.5332
0.54404664
0.6600164
0.606284
0.5480927
0.5470718
0.5905074
0.5360849
0.5149162
0.48659575
0.5278742
0.51219994
0.6635812
0.89612836
0.76519287
1.1107996
0.861134
0.7490853
0.79080606
0.6171258
0.60600996
0.77515024
0.70088303
0.80013645
0.73674715
0.5688849
0.6420891
0.52345306
0.4764315
0.47160769
0.46619537
0.43700415
0.47366884
0.5024788
0.67859846
0.6610635
0.6391289
0.6145289
0.49701494
0.55228853
0.4028027
0.45133495
0.39271542
0.5539489
0.57643366
0.59715104
0.6895324
0.63074136
0.5923559
0.5320046
0.5837558
0.55649936
0.6804689
0.5705606
0.41184208
0.37288076
0.44313726
0.43600205
0.47120726
0.53014123
0.71531403
1.2324625
1.6639829
2.0432658
2.189657
2.1465533
2.1945148
1.9101266
1.6529459
1.3638024
1.4173045
1.7268591
1.9882848
1.8137703
1.4309263
1.0123254
0.88004464
0.7075068
0.6424705
0.63250184
0.6021566
0.64947504
0.53257626
0.49852693
0.51007533
0.63954425
0.7850867
0.83077335
0.13261513
0.07005213
0.083076544
0.07023427
0.065172136
0.07188978
0.067890495
0.068060376
0.067186795
0.061590016
0.06179847
0.0617632
0.07023713
0.082911864
